100 50 40 8
35 12 99 53
14 5 49 69 72 43 44 7 21 18 90 32 1 56 100 12 77 9
41
14 6 12 86 19 17 3 38 56 74 62 34 61 5 40 44 67 90 27 78 68 73 41 2 51 66 92 69 63
86 54 48 66 5 83 24 93 11 63 85 34 22 43 44 71 51 10 59 50 74 100 3 25 76 12 47 2 46 30 52 69 65 8
64 98 81 93 30 70 62 23 20 69 57 49 97 60 6 2 18 59 25
33 46
56 82 54 1 14 80 9 66 46 91 12 11 2 69 49 10 70 89
4 42 34 61 5 72 43 54 45 100 82 90 21 93 9 19 48 31 11 81 8 67 50 69 40 85
100 50 48 17 69 44 67 16 81 22 76 56 8 95 18 59 86 3 45
95 100 93 92 86 58 39 55 4 21 67 42 90 66 72 18 44 65 14 70 48 29 73 84 12 35 83 32 27
34 51 6 65 11 26 98 3 25 35 73 30 77 41 44 71 69 18 62 64 94
100 4 33 92 74 63 44 51 29 65 17 79 82 1 77 78 64 94 75 16 7 47 59 89 54 41
28 99 58 44 25 24 49 8 54 94 65 34 23 72 91 48 9 38 16 89 90 78 42
49 7 76 50
14 60 74 98 91 42 32 83 58 35 57 73 45 89 59 65 36 44 7 24
3 55 85 64 94 17 62 69
61 70 19
48 29 77 5 60 65 100 37 91 75 2 42 94 50 30 89 9 33 22 54 46
6 78 2 64 87 22 26 100 35 68 95 91 25 39 97 60 29 37 89 12 14 57 70 72 36 88 67 9
53 58 15 8 73 56 84 95 67 46 20 64 18 25 28 31 5 32 27 10 52 4 2 100 42 71
6 32
90 38 24 39 15 37 86 83 42 28 66 4 47 20 60 29 54 85 100 56 51 72 25 50 10 64 6 95
61 94 93 14 17 16 59 46 71
3 57 67 46 37 47 28 50 7 14 66 13 76 86 42 11 27 93 24 54 17 61 18 1 21 12 43 5 89 19 29 59 56 26 52 8 65 10 64 30
18 86 6 46 57 27
31 56 44 86 19 12 87 2 38 42 52 45 30 8 71 9
32 37 31 17 72 1 78 99
34 54 72 48 97 81 17 99 5 78 38 45 41 1 89 65 87 83 90 11 49 24 42 57 14 69 26 52 10 25 27 46 55 62 37
70 21 50 4 34 94 97 81 87 99 25 47 24 13 18 78 92 35 16 10 89 8 33 80 17 85 53 12 96 67 82 69 100 43 37 40
31 1 12 15 80 13 57 50 46 87 24 17 93 99 54 27 100 91 86 89 11 23 69 35 82 22 88 40 9
16 73
35 73 7 82 87 70 92 25 40 94 77 71 85 44 3 19 91 37 26 55 28 64 6 81 9 20
86 7 71 29 9 58 75 25 52 73 92
92 69 47 10 28 12 57 6 99 40 90 4 27 87 5 20 83 68 13 7 53 61 50 43 24 52 55 14
6 28 20 85 83 18
39 47 66 54 91 34 37 53 24 69 68 85 71 12 1 75 78 19 67 77 81 13 59 32 88 62 4 48 38 60 73 94 44 26 22 6 70 74
13 63 48 97 54 85 23 14 95 80 10 30 74 50 18 65 100 99 68 89 82 64 43 41 96 35 44 62 94 31 93 7 67 19 98 6 86 90
88 52 96 23 99 72 32 66 84 24 63
86 1 61 20 36 45 87 65 82 57 29 9 55 98 51 41 7 92 88 54 12 42 91 60 2 15 5 46 47 79 31 94 44
5 24 17 84 58 26 87 61 55 82 2 45 35 46 70
87 10 45 27 7 16 72 17 67 2 77 63 66 54 52 91 64 9 25 24
30 43 90 54 95 63 15 51 10 46 66 49 14 26 33 12 16 48 23 25 11 9 55
94 56 58 92 6 54 7 13 39 65 51 49 43 48 45 9 88 78 24 16 4 57 90 91 42 5 27 37 41
20 41 78 61 47 29 69 97 5 79 27 43 31 90 72 40 100 21 26
62 43 61 81 58 60 35 56 38 11 84 51 95 13 79 42 49 73 83 86 68 17 30 8 21 54 66 57 94 31
23 67 31 90 54 95 11 75 50 71 9 48 60 89 81 18 22 45 76
18 39 54 20 21 59 35 79 30
26 38 25 76 77 7 40 98 79 58 4 24 21 43 80 88 42 6 13 32 83 45 28 11 23 60 56 97 82 68 95 31 14 54 20 69 94 96 29 49
75 48 95 52 3 79 63 40 56