Πείραμα 1

147 145 415 468 125 470 303 270 374 144 391 355 420 379 422 377 56 130 275 372 210 472 257 477 483 28 146 124 383 117 435 418 64 325 131 482 176 409 367 62 140 440 437 216 248 35 13 293 245 340 445 497 92 
1 428 8 397 163 282 464 30 326 215 89 485 175 399 
224 65 141 198 22 23 436 435 58 273 126 232 247 178 234 337 246 59 231 233 163 77 464 96 463 293 422 268 375 47 218 239 72 425 180 467 387 418 186 315 360 26 240 443 457 311 442 169 447 307 413 221 259 192 223 407 386 131 84 57 220 104 20 367 
162 448 490 68 233 123 131 331 229 230 288 296 499 252 364 75 66 462 429 182 54 488 254 127 238 213 316 200 411 65 435 170 187 348 105 353 458 362 372 271 177 385 125 211 28 259 8 313 355 133 126 183 327 456 279 403 453 118 264 139 255 496 201 52 203 69 79 253 261 117 12 338 354 195 465 474 
366 455 201 415 370 22 12 291 489 138 83 240 194 97 406 47 
266 497 60 477 436 269 439 419 396 341 279 207 
312 114 451 382 331 428 371 9 389 244 431 68 70 319 285 84 222 380 308 257 185 476 7 267 121 465 455 91 48 157 246 275 162 487 75 108 58 373 326 372 341 393 447 397 17 351 365 
63 67 373 414 146 400 220 
283 395 169 444 163 125 458 500 162 422 405 483 75 402 493 165 485 116 293 124 400 187 451 66 438 433 347 158 460 268 206 276 335 142 383 355 26 147 413 195 46 495 12 186 137 472 30 230 324 62 176 264 180 229 76 352 463 440 258 117 15 108 56 86 318 156 82 171 354 194 223 476 120 396 368 435 126 77 450 392 394 496 115 160 294 209 237 480 183 426 469 306 69 
371 148 14 56 302 21 313 
307 91 446 87 82 422 357 362 104 193 130 310 421 416 371 112 105 167 273 402 28 378 397 414 432 39 152 115 178 64 482 254 263 279 85 232 469 3 478 327 475 401 260 196 201 332 41 177 417 93 50 456 368 330 37 458 388 325 278 392 436 444 
294 491 48 226 494 417 412 351 265 94 179 99 399 413 96 402 151 389 95 283 40 222 203 322 31 10 260 16 418 33 359 264 244 159 234 101 436 415 76 106 27 210 182 482 88 425 426 49 139 153 297 183 467 223 329 373 476 268 407 361 239 20 39 125 289 144 354 207 466 
266 229 466 4 190 237 15 73 496 325 47 279 137 232 45 78 16 67 147 114 345 106 103 111 236 493 20 355 58 254 146 469 155 178 37 484 198 212 71 113 479 156 262 366 435 66 353 379 477 488 462 27 474 463 242 80 273 426 120 311 476 284 354 8 209 384 167 181 448 314 475 
196 12 53 35 28 230 451 457 450 446 45 295 124 254 336 226 277 201 442 184 192 382 150 
478 423 221 8 405 328 138 77 414 179 377 321 133 21 249 485 422 304 31 259 358 440 311 438 59 342 154 460 278 51 494 40 216 489 372 153 174 428 412 448 421 69 241 466 482 219 487 326 244 30 470 53 237 94 495 336 29 329 299 235 346 80 39 456 185 379 99 45 207 
402 319 483 70 87 68 462 453 131 119 202 180 163 482 299 471 430 449 336 
54 3 50 32 414 500 320 431 6 239 461 341 135 200 142 336 129 178 226 177 240 284 292 315 267 19 137 7 397 385 155 25 166 55 291 193 497 355 161 242 285 81 134 359 98 215 422 154 329 28 105 468 23 435 481 206 346 313 406 138 317 83 297 146 483 480 296 496 258 159 343 330 418 33 136 162 287 211 251 73 263 42 276 456 56 219 428 12 290 52 185 470 409 352 264 10 
60 248 289 331 216 210 57 382 219 147 418 61 357 226 390 17 83 109 29 41 274 385 265 402 400 396 310 238 24 465 76 235 122 428 252 20 100 388 415 234 242 56 477 414 86 420 220 499 146 458 344 168 342 81 239 45 455 439 361 159 75 288 364 491 35 298 456 485 53 96 4 300 69 164 64 182 200 354 275 13 
173 212 383 445 302 146 174 228 71 53 120 474 164 23 105 18 401 368 25 168 275 466 234 434 392 210 328 235 171 60 461 14 
293 177 265 108 281 386 76 418 331 253 27 105 1 258 435 454 46 288 295 26 227 431 389 263 486 310 491 397 200 474 207 347 381 84 342 10 33 139 384 220 41 191 462 154 279 50 442 91 20 157 300 448 383 497 429 4 330 441 352 7 451 120 172 473 313 358 458 250 270 202 264 348 204 81 59 8 403 307 399 
185 424 174 62 328 440 425 413 89 171 341 191 204 213 225 219 376 13 403 451 122 257 169 160 405 176 119 91 459 348 110 82 377 416 288 199 380 395 486 467 435 86 253 375 455 196 
42 14 454 281 320 329 
402 298 294 203 219 450 435 323 491 421 52 252 287 166 409 220 24 303 431 75 296 472 362 49 235 207 341 269 367 195 392 255 271 140 326 440 145 79 395 288 264 171 427 417 179 62 500 150 
476 146 4 84 
18 111 220 140 89 153 
73 268 28 349 116 79 306 322 314 83 193 250 204 389 456 59 166 365 76 136 470 44 149 327 161 55 142 243 366 353 494 9 308 457 229 375 144 114 348 404 328 427 283 237 42 38 70 498 200 199 442 392 185 123 331 475 10 413 305 190 89 210 93 420 191 174 165 288 311 24 385 113 196 411 329 302 178 
203 308 466 140 201 412 408 449 175 384 428 200 411 217 83 286 390 195 403 321 457 150 392 172 357 320 424 256 51 221 312 117 451 235 213 27 322 206 202 248 470 18 56 420 456 489 173 453 90 114 487 290 86 369 133 194 11 224 447 275 273 177 477 467 381 415 271 71 391 5 494 407 287 85 386 276 186 367 142 232 334 481 220 105 30 255 233 
222 13 328 385 
120 327 43 40 154 422 401 446 
216 423 390 258 1 439 477 415 457 159 311 136 126 251 271 375 108 396 111 131 115 476 25 397 288 
168 82 162 288 287 488 436 122 348 465 198 335 70 112 232 235 262 481 217 413 313 368 266 341 118 453 290 68 305 398 2 223 227 344 466 300 72 321 200 
237 68 372 32 224 420 370 313 272 301 296 121 120 474 177 13 242 236 99 149 92 427 378 256 482 348 434 37 63 487 472 206 234 5 326 6 291 62 252 153 219 288 228 86 413 20 273 346 271 305 198 381 147 368 40 389 11 338 
29 236 412 476 245 435 37 123 79 289 212 24 282 146 455 392 7 390 226 244 82 399 343 182 99 67 176 57 266 48 134 63 154 475 340 440 324 16 155 219 36 293 103 113 427 331 209 14 436 420 39 281 74 477 199 124 8 81 60 11 52 237 388 21 270 265 227 389 221 325 141 131 478 264 120 307 194 44 354 
388 199 210 491 368 212 180 462 470 221 197 232 499 270 264 464 402 431 8 60 230 157 202 53 190 79 322 471 372 364 111 467 16 169 44 461 437 116 204 91 314 233 378 332 242 412 29 281 418 347 330 231 73 171 162 17 110 172 69 218 184 339 66 168 149 200 136 52 188 382 219 468 15 178 417 39 247 288 77 243 443 
266 57 298 91 332 126 88 100 450 443 302 421 479 65 497 101 26 283 267 13 355 172 311 86 280 251 491 307 74 314 459 48 487 141 369 94 384 67 227 161 55 93 256 301 382 490 76 403 92 15 122 430 106 446 239 248 16 231 25 394 254 252 304 200 180 195 142 468 21 436 130 249 262 498 108 388 45 153 146 447 485 70 229 255 136 343 
465 136 169 466 295 214 104 14 314 185 163 97 380 353 417 449 324 238 82 168 456 65 339 115 149 235 165 108 443 172 198 393 389 193 361 224 174 330 49 441 302 439 211 413 145 335 230 375 298 428 17 100 48 434 318 8 478 319 107 109 31 59 395 129 473 376 409 495 102 358 374 127 64 167 440 204 384 350 341 366 488 114 199 38 267 
34 365 79 83 439 163 143 356 40 220 131 9 258 173 161 245 295 2 20 142 227 264 164 243 130 97 459 78 341 273 170 347 229 71 152 278 346 283 226 31 464 413 271 481 58 209 103 448 232 286 42 433 176 381 90 235 322 
223 463 352 484 54 245 262 388 200 170 295 448 56 218 239 477 394 174 316 127 318 39 107 263 206 85 420 362 294 12 14 457 91 257 181 438 125 496 15 73 436 307 188 230 493 327 3 175 251 386 497 483 372 247 275 237 122 162 92 132 491 371 197 5 347 379 182 354 220 47 481 90 38 443 186 266 70 425 185 
223 310 491 262 383 358 167 456 333 206 452 349 215 70 180 332 454 16 7 234 297 190 428 65 367 404 378 357 12 116 414 405 450 446 412 352 219 201 406 413 488 346 335 425 217 164 126 369 284 83 266 146 269 416 203 307 78 213 129 464 25 27 156 345 
406 409 167 297 241 262 
317 132 315 81 56 73 216 459 176 359 224 427 
256 239 479 249 197 422 235 203 193 78 189 119 483 356 210 397 439 11 66 19 230 4 358 91 104 248 58 114 376 143 437 212 362 274 37 326 372 176 72 350 310 278 313 368 423 110 158 138 433 442 139 398 302 199 319 250 44 357 264 294 496 347 361 330 342 383 401 21 207 35 113 276 284 475 225 267 43 140 325 132 286 312 374 32 253 87 329 268 341 116 245 134 16 240 
132 201 35 33 419 351 140 484 34 111 432 39 393 378 136 121 262 352 364 330 155 287 465 342 170 7 307 27 152 252 69 5 151 407 486 26 210 164 10 478 182 128 383 404 327 265 135 87 84 12 220 222 109 346 248 398 74 71 267 
456 322 349 92 364 259 451 458 15 152 66 228 3 464 168 278 211 400 110 440 169 193 37 96 453 291 153 353 74 60 190 126 256 411 133 171 160 488 94 348 86 388 204 469 299 222 444 48 198 498 130 360 386 287 114 345 298 450 420 431 203 164 
401 164 276 132 379 288 72 477 4 289 456 96 97 255 90 294 473 46 182 382 406 106 99 51 453 359 383 284 85 
280 79 317 381 433 291 95 500 27 99 121 340 186 360 380 196 271 416 29 270 387 190 359 253 353 114 44 254 493 132 319 490 467 90 268 130 161 72 286 403 10 75 485 394 454 285 89 
64 108 358 374 202 453 300 243 263 247 443 36 493 26 499 294 54 432 149 368 101 450 469 438 290 168 462 393 5 461 21 471 411 122 231 390 428 84 71 192 286 467 158 91 141 217 389 135 387 280 114 442 162 159 4 412 89 343 377 39 82 97 246 349 9 210 240 340 130 257 182 268 80 484 109 301 388 248 70 49 454 433 423 180 190 160 131 305 446 373 99 215 27 
186 402 435 72 406 457 239 8 195 132 426 148 113 481 134 410 248 307 199 375 238 487 298 34 288 
274 11 10 475 27 97 427 38 
224 314 93 34 357 346 309 449 101 487 36 394 238 402 485 378 21 433 427 496 351 234 478 442 358 348 202 444 415 1 160 456 446 372 221 406 72 99 136 
27 321 401 75 136 182 327 371 108 304 300 263 446 119 417 90 121 76 442 236 459 150 117 237 262 2 478 105 364 149 66 485 334 199 462 163 468 384 211 461 15 103 397 
25 184 470 252 227 169 75 33 41 246 255 6 304 314 398 64 167 291 170 16 100 495 352 217 361 373 3 181 286 488 166 481 48 206 82 472 458 460 484 342 414 60 341 163 249 279 258 310 193 51 115 147 201 165 97 243 158 441 233 130 397 
236 427 191 238 397 80 123 30 465 415 303 329 451 445 84 409 234 
265 374 459 388 481 17 147 36 499 378 24 170 34 168 216 125 239 331 185 453 415 194 205 123 212 406 267 367 387 376 487 177 191 337 5 145 302 94 312 206 181 456 66 186 297 369 231 416 278 184 446 311 208 
173 495 19 324 204 191 291 134 465 62 3 447 326 242 214 57 119 99 52 31 297 127 398 418 229 172 369 408 68 345 222 362 79 302 485 218 340 489 363 136 285 431 375 217 50 474 440 81 
96 494 342 259 423 14 82 485 465 356 398 407 318 191 421 101 379 2 307 41 306 443 293 330 51 73 315 180 455 56 164 40 444 55 208 327 397 350 29 75 168 188 384 178 155 130 317 182 277 64 471 152 225 24 490 172 320 280 496 464 210 480 38 313 422 10 104 404 461 145 149 300 220 311 70 166 148 171 228 13 79 121 87 419 135 154 242 114 343 190 486 141 
325 338 132 349 116 97 300 227 93 182 332 488 187 342 192 34 345 433 53 318 222 324 246 31 202 361 420 387 453 159 4 233 36 449 185 323 481 374 413 120 60 478 184 305 416 441 314 22 35 247 101 424 57 160 442 475 280 77 27 286 414 189 236 362 
155 34 241 65 141 95 80 164 309 104 184 8 306 118 326 403 56 176 364 163 395 244 327 346 443 273 192 188 372 314 194 52 86 183 223 423 352 248 350 318 61 129 498 225 469 254 224 369 55 150 476 116 493 66 111 102 337 431 232 497 74 204 99 348 132 421 311 357 87 157 197 328 375 115 293 331 181 179 139 319 216 256 207 30 247 219 500 
36 451 398 82 172 272 55 222 259 380 487 21 199 213 444 243 207 368 302 209 303 413 157 131 46 379 77 449 327 132 52 164 350 226 403 408 92 421 314 389 490 47 407 117 435 454 205 276 409 498 169 273 
102 471 
40 360 456 206 240 154 115 158 326 436 58 147 347 300 97 169 85 460 298 339 208 180 226 163 
363 306 292 415 154 311 393 412 128 22 1 490 417 208 324 53 158 497 365 25 168 361 102 438 435 469 302 2 222 265 248 473 173 19 201 9 10 150 183 477 118 185 310 64 240 91 24 255 401 131 293 29 167 250 
169 366 224 472 384 299 296 448 438 469 435 304 150 173 107 7 470 325 454 253 338 32 41 483 110 35 163 329 175 167 70 482 78 193 320 
427 361 40 393 76 401 472 309 124 473 15 375 90 447 310 169 266 252 345 113 343 112 129 86 96 240 215 273 285 88 254 338 263 59 17 202 75 436 404 395 52 226 276 452 353 461 139 188 233 302 341 236 382 
450 212 409 367 294 255 11 484 200 217 332 163 479 288 7 18 243 477 63 269 21 473 139 137 113 328 459 237 155 241 444 57 134 53 171 296 230 358 424 321 23 263 76 475 330 256 59 247 401 123 252 60 368 101 211 272 188 283 469 349 82 124 172 497 400 387 86 20 307 12 222 468 316 417 133 260 199 232 447 266 343 485 
276 26 299 352 34 216 37 22 293 161 
406 109 216 167 45 325 108 341 121 362 367 415 423 304 460 492 466 9 322 6 2 294 436 139 191 377 422 496 215 4 20 30 75 25 392 387 244 44 28 354 54 135 300 182 35 500 26 118 490 49 290 418 193 419 260 125 186 42 63 99 154 65 398 69 98 204 1 483 239 348 266 427 105 
58 99 383 397 131 221 100 75 416 271 170 273 234 321 14 446 441 195 87 422 93 134 111 211 73 117 459 334 135 286 154 327 
412 169 418 57 306 84 385 251 154 186 141 347 181 308 157 271 236 16 406 428 14 123 147 87 488 341 287 7 49 29 214 99 429 355 283 
60 132 279 484 6 199 414 374 396 448 468 117 207 163 147 274 254 369 366 15 200 99 454 184 44 464 215 309 167 356 127 221 171 187 294 426 61 205 316 204 496 88 363 342 428 3 248 98 488 413 173 381 485 467 192 319 
160 222 60 454 236 371 466 260 196 460 486 488 281 382 490 105 36 136 428 118 344 155 257 319 457 367 380 215 94 459 33 190 259 445 148 474 107 495 374 183 353 479 240 463 150 119 482 429 216 121 212 218 58 467 89 477 435 21 172 499 51 152 366 217 370 369 444 402 322 372 465 124 72 417 252 64 65 117 243 405 271 289 50 138 470 350 285 179 93 30 34 318 169 109 210 342 226 299 224 
179 121 57 7 276 106 463 320 296 48 180 415 123 261 64 194 453 330 108 
113 12 84 276 
151 479 493 178 451 484 497 376 212 348 335 63 351 207 279 397 29 100 242 386 456 160 433 425 194 171 22 385 230 318 284 196 252 398 195 134 257 344 234 305 135 179 200 254 41 109 336 483 454 137 380 391 410 265 119 309 101 304 277 
265 434 469 416 362 194 471 88 93 216 381 108 315 385 15 451 100 21 224 338 449 425 159 364 270 69 383 396 187 496 336 17 231 39 74 483 339 267 132 296 10 428 71 461 337 398 227 403 62 175 95 137 414 422 328 443 38 386 105 29 331 439 350 447 235 312 466 7 391 72 301 380 164 289 335 290 209 345 298 80 325 
105 326 471 452 253 325 174 96 196 16 466 98 369 427 417 67 278 418 262 431 125 78 336 243 425 370 481 368 288 480 492 198 185 234 483 209 206 43 488 69 80 432 25 20 51 57 361 269 406 500 195 397 305 136 126 224 296 236 182 159 281 485 257 355 213 165 443 455 388 139 27 323 433 102 378 399 434 310 285 251 223 446 103 
181 295 318 104 492 76 58 274 219 367 137 435 19 189 
87 428 122 311 23 68 156 46 38 400 463 349 85 372 392 497 459 338 242 220 272 54 161 241 472 110 104 187 11 77 163 35 37 495 82 219 12 227 277 208 465 473 348 316 352 60 397 449 6 226 279 56 369 452 
116 390 494 440 224 
174 61 147 253 328 478 275 55 226 47 338 458 52 208 322 348 258 284 337 124 200 203 267 33 393 73 442 389 279 207 320 493 491 19 419 206 66 28 85 14 16 158 403 466 321 427 133 462 108 131 155 23 314 15 317 246 302 318 8 291 188 324 222 372 255 100 244 130 378 339 467 245 76 75 409 82 379 377 113 233 418 223 474 351 364 86 172 358 446 102 
391 165 167 253 153 265 328 152 56 269 110 244 197 3 55 453 206 327 440 136 54 215 495 487 181 250 349 83 455 220 6 497 4 397 402 129 499 447 387 139 359 123 203 81 485 14 196 457 124 390 474 246 72 300 61 232 414 354 259 418 483 25 238 324 393 2 157 18 230 425 345 436 320 381 352 
311 402 466 136 123 378 241 361 93 305 376 73 201 181 226 388 158 50 484 104 147 372 403 267 153 119 408 396 243 233 307 96 383 151 255 445 364 61 64 379 107 137 184 416 472 352 339 418 381 124 344 427 213 97 15 127 433 116 493 410 435 428 206 175 
397 269 62 253 378 470 401 152 455 153 222 124 491 221 428 484 311 88 122 57 299 112 76 286 54 295 396 37 276 345 254 380 416 308 239 467 207 237 280 141 341 174 421 492 456 242 494 20 376 15 405 183 251 215 483 47 30 235 365 210 350 363 175 130 7 352 29 474 33 145 433 260 91 302 229 34 403 165 77 16 298 
42 259 356 414 397 296 98 9 144 36 102 78 90 372 126 121 79 119 482 449 153 113 304 101 212 123 225 197 335 334 106 229 49 86 289 299 131 11 257 30 68 19 462 438 373 363 422 50 400 40 176 230 358 309 187 269 
41 395 298 364 417 23 391 369 171 429 388 463 392 275 78 462 13 386 4 211 288 242 314 84 337 234 279 498 354 219 118 467 1 167 
500 52 201 492 496 77 313 263 351 499 322 113 429 74 209 438 291 310 377 360 366 190 39 25 169 114 246 359 380 477 156 238 320 223 294 24 445 66 141 4 497 101 435 236 282 224 459 303 318 67 357 188 325 32 331 439 73 437 417 398 147 166 365 183 243 431 257 78 458 381 196 229 379 326 82 311 235 387 481 131 388 248 279 160 109 103 62 269 446 276 330 9 14 46 7 470 460 
417 92 70 139 392 449 273 386 298 189 38 304 24 353 187 15 211 216 176 451 7 174 13 165 375 74 106 431 320 76 257 336 362 355 283 371 178 296 20 475 19 405 63 
369 389 115 176 106 417 496 190 170 214 213 255 68 258 173 438 412 363 180 429 35 402 206 28 238 163 64 235 121 187 130 350 355 10 356 44 232 21 442 395 365 379 473 52 66 127 374 371 490 60 297 114 160 141 177 236 487 24 30 393 384 352 192 71 421 368 55 399 59 348 81 99 475 376 361 301 448 31 145 307 281 386 325 179 341 482 133 181 362 271 237 195 110 1 284 476 337 100 
180 494 452 462 202 20 54 351 409 383 74 66 414 349 302 346 101 254 443 178 296 78 234 439 221 320 148 489 440 199 293 
436 173 105 272 315 150 259 426 111 369 275 423 289 361 223 483 374 337 16 129 32 136 183 189 142 363 209 158 413 53 41 192 320 293 364 117 62 59 81 368 191 101 21 487 334 474 372 146 50 304 456 414 397 341 234 221 451 23 433 51 83 444 435 34 
377 48 499 225 197 63 273 111 351 55 209 445 66 207 83 62 282 104 196 360 251 31 324 29 352 70 327 137 144 77 22 474 74 317 334 362 233 496 192 88 107 421 161 376 135 386 86 436 361 183 280 347 258 462 28 287 235 148 274 221 467 249 229 396 335 167 483 401 36 403 389 78 444 103 420 94 370 208 173 126 222 
21 129 283 57 159 148 86 293 494 255 316 301 289 465 210 9 215 98 155 41 431 452 234 50 150 25 414 64 153 93 278 76 
53 344 257 33 159 455 93 427 424 468 174 346 486 103 6 169 496 240 479 155 69 248 
229 388 325 35 433 60 243 263 373 341 39 79 103 46 32 345 90 354 365 109 177 242 293 76 62 208 257 75 233 398 31 472 378 168 273 4 7 256 19 320 372 55 155 180 498 138 57 377 174 474 450 43 16 355 478 120 265 486 351 271 14 443 54 25 148 61 34 336 112 137 130 423 245 167 20 220 
251 177 9 282 250 224 256 296 131 411 45 198 242 30 100 129 157 53 26 409 173 192 426 170 73 113 358 432 333 46 381 65 348 195 42 430 83 96 228 10 238 491 178 447 387 257 31 188 81 424 167 471 62 318 50 98 498 479 342 149 57 
368 19 243 127 184 421 192 380 78 279 22 40 359 150 295 382 362 451 388 177 374 110 325 59 311 466 269 104 30 354 314 258 439 266 94 296 435 334 162 102 79 38 125 450 284 300 89 277 312 46 257 160 351 49 260 459 431 446 449 133 165 108 130 83 335 348 235 417 276 115 290 476 259 281 261 113 187 363 438 
195 84 425 339 326 286 136 211 444 349 
408 424 280 329 440 109 146 28 13 122 62 35 36 70 304 359 478 347 404 491 231 469 200 337 411 113 438 218 368 118 299 348 302 93 98 295 74 19 390 132 270 60 296 307 78 450 64 462 389 222 291 205 259 470 249 208 209 358 409 
381 426 164 129 488 321 460 431 161 192 441 240 499 449 496 28 181 497 302 24 238 74 106 211 143 416 193 199 417 279 391 375 434 394 121 150 156 9 345 137 388 444 180 116 336 257 113 72 435 454 296 27 246 285 71 428 4 49 355 140 231 200 16 36 430 22 252 26 280 153 332 67 196 17 46 293 389 104 465 232 348 
340 390 480 366 
--------------------------------------------------------------------------------------------------------------------------------------------------------------------------------------------
Πείραμα 2

15 224 3 164 54 434 337 160 335 114 341 475 21 136 104 344 60 110 1 
172 422 301 25 105 292 120 278 300 58 407 91 225 489 373 426 163 112 441 206 293 469 122 52 78 229 429 197 298 319 50 218 322 202 46 251 358 139 107 8 220 153 472 313 308 311 401 101 49 411 289 28 404 22 90 283 247 457 168 1 
444 126 32 191 347 332 250 128 324 37 33 303 24 496 47 402 113 268 420 243 317 381 97 52 88 100 89 278 131 141 443 237 310 109 363 85 199 179 343 10 216 20 406 376 105 223 229 292 218 18 484 395 301 53 162 306 1 
383 231 19 333 328 361 363 22 334 350 245 356 404 441 176 327 311 1 
274 79 490 51 119 426 77 54 262 369 471 61 265 26 376 269 189 407 279 289 460 383 273 363 8 130 332 231 256 268 482 23 1 
135 228 192 444 36 338 222 249 431 292 307 439 476 493 252 136 405 474 313 487 319 194 415 162 270 68 31 246 237 75 43 497 387 413 479 443 226 411 133 100 273 298 160 12 171 285 360 37 167 482 481 33 389 348 4 451 96 416 25 20 242 321 5 66 315 1 
255 84 395 480 172 34 16 156 312 366 166 476 496 317 3 330 481 103 237 336 192 412 53 225 406 391 327 221 64 102 47 68 248 123 451 364 314 376 116 200 355 167 231 232 216 297 436 415 65 67 386 164 362 431 61 482 301 491 52 249 261 60 337 77 101 97 105 254 303 389 285 217 42 322 315 2 429 1 
287 391 334 488 174 212 309 130 16 94 303 243 419 152 223 118 20 344 461 121 55 26 365 336 1 
386 86 346 194 326 150 423 347 232 364 143 305 338 2 74 406 263 40 174 105 490 52 295 10 154 189 493 4 445 161 111 163 440 499 64 282 55 127 286 175 193 240 65 176 134 363 208 148 98 85 46 140 435 288 342 367 29 141 106 20 254 379 323 257 431 206 14 171 197 332 155 145 144 319 350 470 354 279 428 448 25 277 62 1 
81 475 383 140 286 312 421 492 65 45 137 104 266 11 278 433 264 19 398 90 399 84 103 333 166 108 83 214 386 109 316 444 442 182 253 488 161 215 370 373 77 48 54 397 275 299 119 123 122 34 387 411 114 310 384 469 428 388 209 169 183 376 377 352 31 353 239 144 124 117 29 455 413 12 354 1 
303 67 293 194 281 117 255 337 428 42 393 351 156 317 477 76 350 326 367 141 127 120 273 443 70 182 486 230 133 30 172 5 444 83 1 
128 202 342 3 414 137 357 122 496 130 305 167 37 34 365 443 230 493 121 469 44 258 193 81 315 48 218 143 245 278 446 54 440 124 201 252 343 1 
124 151 217 80 409 396 141 376 320 248 406 48 262 40 119 463 271 25 127 1 
323 215 332 430 121 285 405 97 338 255 468 467 493 340 207 114 144 69 10 266 392 442 127 278 408 184 171 55 66 81 197 369 368 258 239 496 129 218 391 376 156 282 12 310 242 267 446 57 439 312 395 148 243 428 424 167 248 1 
249 107 384 395 140 5 204 1 112 278 38 163 369 448 319 456 379 262 296 240 326 216 334 411 307 25 409 265 375 160 17 372 316 430 464 314 114 129 486 281 202 345 498 173 
141 357 248 455 229 44 474 311 131 59 272 500 64 319 18 138 231 451 82 95 484 351 114 1 
92 148 104 128 419 238 461 400 114 388 76 423 466 359 478 89 292 324 174 165 31 50 38 331 376 218 196 167 126 221 32 297 201 273 208 396 251 200 329 296 67 66 476 23 19 403 493 491 212 170 149 194 242 414 451 472 79 163 323 322 113 311 158 215 257 288 204 348 80 48 264 333 327 301 245 233 246 120 370 429 375 365 286 347 252 371 295 263 26 111 183 342 260 438 319 366 131 1 
7 10 444 127 59 4 92 447 406 160 264 473 33 312 425 440 123 437 48 413 240 250 344 142 494 362 16 433 86 496 495 491 302 336 219 287 241 292 386 483 114 245 196 476 466 220 497 56 216 183 14 238 52 15 448 99 214 275 8 55 259 79 269 431 173 135 421 266 382 18 236 333 174 39 193 347 489 358 452 233 179 500 436 460 1 
231 433 443 300 18 171 311 303 198 458 368 386 218 167 351 123 426 295 430 259 336 96 280 290 54 328 499 159 238 183 418 250 409 29 244 236 364 1 
78 384 16 268 33 287 26 2 494 173 258 424 273 480 479 27 359 43 161 266 325 386 81 164 367 322 323 83 294 153 263 35 438 100 117 381 163 89 3 387 116 119 1 
426 292 284 33 213 424 143 368 280 470 66 305 98 97 474 295 237 230 146 377 31 322 350 65 186 250 334 314 119 241 315 356 413 2 442 257 168 411 258 266 336 312 116 95 82 466 152 439 144 375 338 13 447 317 55 176 156 422 164 118 418 181 117 92 90 137 328 490 378 270 134 484 12 211 120 64 320 414 471 482 246 193 304 262 14 187 101 133 272 234 57 46 366 115 165 59 219 5 
18 215 121 296 21 170 454 382 398 339 199 439 401 316 328 301 447 58 141 12 365 317 128 284 9 105 239 300 477 338 291 125 475 15 2 
335 485 94 257 141 77 138 163 458 356 236 64 212 469 492 143 250 440 410 102 114 38 93 68 2 
125 494 466 326 213 299 90 373 462 91 296 354 3 305 52 39 195 304 121 380 11 8 490 123 230 408 428 86 387 129 350 176 180 203 460 128 80 346 112 100 325 262 149 264 352 2 
158 362 258 121 254 39 238 141 174 236 213 333 248 128 382 478 326 127 197 252 241 448 451 394 124 42 198 437 2 
269 217 475 208 331 41 423 203 87 9 327 10 130 48 159 143 27 321 463 401 397 435 168 346 299 8 360 408 424 241 393 375 180 126 413 40 287 354 19 108 100 154 162 291 257 403 249 212 225 192 90 343 312 455 215 156 3 357 356 405 121 185 268 223 328 244 289 102 69 97 55 169 395 91 113 194 445 229 453 350 7 338 326 35 481 161 474 120 96 101 339 45 372 454 204 2 
256 15 120 165 315 38 45 237 272 66 26 76 221 408 64 376 312 355 13 255 123 424 397 37 75 499 118 335 421 343 311 176 229 491 289 482 154 79 248 480 371 362 155 488 105 57 130 418 314 483 34 410 318 98 298 292 69 344 223 238 137 104 338 92 2 
18 30 220 107 420 2 
479 304 449 223 299 279 103 344 195 286 466 75 3 21 132 172 476 66 62 56 500 447 25 275 326 2 131 431 366 149 234 240 492 422 263 488 303 374 345 267 416 419 97 495 184 278 49 101 122 285 67 417 26 52 201 480 307 178 457 125 16 353 72 369 280 474 311 104 167 30 207 498 93 168 363 452 142 496 133 362 423 179 94 300 401 45 59 158 87 456 450 33 386 188 85 157 451 242 262 
316 145 48 28 387 469 23 81 22 491 77 262 289 409 206 307 86 130 247 354 257 450 187 399 408 280 136 29 105 374 317 31 75 371 305 327 2 
337 181 392 184 459 264 448 225 336 73 454 423 268 396 280 145 480 234 351 288 61 485 28 472 172 378 282 439 86 29 115 2 
2 78 407 91 452 148 28 248 498 53 14 170 339 23 241 215 271 427 414 103 305 15 422 149 458 223 492 472 442 76 313 138 423 279 210 165 68 98 491 453 152 183 386 
465 457 337 322 290 127 258 3 210 21 43 227 370 242 335 205 336 34 313 374 165 316 154 390 105 160 317 303 164 331 103 403 58 264 278 328 341 197 28 389 254 16 398 472 37 396 431 54 222 471 90 302 276 486 40 354 69 191 408 490 168 393 358 458 195 185 352 17 248 326 344 183 76 206 383 118 2 
388 35 74 26 87 172 193 272 93 500 413 198 415 279 274 131 225 493 66 256 222 442 448 453 326 179 235 417 358 303 76 392 234 427 81 328 48 126 22 202 496 47 370 292 244 363 488 32 456 285 360 158 177 477 329 344 498 478 309 29 71 434 135 405 430 395 33 327 184 439 2 165 43 189 34 241 485 297 466 313 383 160 12 433 260 288 307 123 28 308 342 365 249 404 119 129 228 316 226 
396 2 
309 434 2 90 160 161 21 403 169 450 317 314 174 479 496 346 203 347 20 298 327 105 262 229 323 365 263 233 58 80 75 315 368 447 141 47 335 400 194 172 246 300 473 198 275 421 92 3 344 392 442 129 110 318 404 51 119 162 178 321 391 334 364 221 418 74 462 164 297 179 270 81 310 191 444 202 15 341 17 452 345 351 247 39 42 
149 281 39 18 152 341 483 477 293 37 312 348 2 
165 449 269 472 302 1 73 182 140 318 163 281 466 93 374 175 401 308 390 10 218 278 15 56 102 268 500 474 112 492 122 304 279 490 393 228 181 52 36 487 360 2 
191 189 478 248 71 289 465 255 46 2 
345 241 88 421 317 450 24 246 254 438 425 362 237 405 291 93 211 476 379 457 259 2 
196 368 186 420 76 26 275 299 70 62 10 353 247 224 324 261 203 188 179 221 80 104 199 145 127 252 333 227 208 296 380 31 397 117 100 438 83 411 110 32 114 71 496 28 147 8 6 471 66 394 393 120 219 54 486 405 3 
478 190 322 133 360 479 160 267 27 498 280 3 
129 165 85 256 118 106 136 421 414 389 188 493 220 311 313 189 332 357 265 499 114 113 21 225 429 111 60 416 169 53 80 236 29 260 398 235 279 393 116 446 271 33 28 438 3 
101 470 59 214 201 340 96 339 133 23 245 338 203 253 276 327 494 262 324 24 491 154 224 270 439 292 159 266 393 449 29 319 222 361 427 58 378 118 363 97 145 323 285 103 479 429 289 355 249 377 296 255 387 173 436 83 309 243 359 299 365 267 10 392 200 54 27 344 461 136 143 77 132 430 431 167 242 107 281 257 272 123 165 290 142 112 11 288 122 5 64 307 92 212 3 
478 284 358 207 427 82 354 231 454 382 120 444 203 27 138 439 89 205 133 290 51 471 23 327 256 170 155 315 222 49 373 3 
88 157 52 177 355 255 407 339 155 186 146 40 402 471 80 280 413 215 433 389 351 383 315 112 361 379 45 114 307 81 382 400 148 399 63 421 405 337 74 216 59 370 111 30 166 411 21 6 313 483 372 474 49 271 128 139 129 16 325 239 473 70 152 447 354 72 43 309 406 338 57 398 3 
161 2 466 488 44 113 107 183 123 182 3 
12 473 400 476 98 254 209 311 451 492 296 464 123 105 409 358 345 179 434 141 205 142 461 197 370 374 453 46 66 129 158 80 406 108 104 393 140 192 259 219 30 404 490 417 275 328 178 149 110 331 347 273 232 26 364 478 484 425 75 422 13 338 343 256 86 487 195 334 411 170 155 310 10 154 236 50 499 204 274 426 3 
463 15 451 118 290 482 3 
10 493 211 229 407 221 322 12 430 152 216 13 112 328 105 110 405 228 351 373 75 354 30 163 342 168 100 247 378 400 19 249 144 276 410 42 185 158 369 237 151 295 55 311 336 248 316 474 439 334 3 
84 401 262 475 254 464 92 309 370 323 384 85 325 362 93 198 99 204 379 450 287 26 386 487 31 364 24 3 
357 474 40 249 403 265 188 362 61 316 30 3 
170 372 325 468 128 61 200 443 467 420 112 41 259 241 25 91 57 448 220 154 3 
103 200 2 479 76 323 463 167 48 386 283 290 340 371 108 416 146 344 451 198 238 466 210 278 209 366 47 38 158 111 102 44 175 357 152 421 100 313 274 3 
481 348 126 295 233 393 320 42 197 328 27 109 472 378 355 395 205 170 302 154 473 466 201 351 24 81 309 360 262 3 193 391 443 46 332 47 285 463 41 212 114 297 255 293 299 331 159 492 195 455 172 346 465 290 385 451 480 74 206 83 117 26 43 251 439 121 469 337 318 36 220 488 418 91 256 35 199 68 498 447 312 375 180 364 404 336 194 8 155 271 84 365 51 115 
358 400 179 225 102 280 123 216 73 265 151 404 135 382 329 325 263 94 275 44 497 489 119 198 445 113 315 167 397 85 156 181 4 326 343 160 23 60 33 140 24 13 146 415 218 348 49 364 294 91 231 152 277 58 386 6 357 333 286 368 373 15 61 256 220 334 79 438 468 143 292 188 406 8 328 437 19 398 241 130 258 421 3 
131 51 98 219 273 418 229 12 449 192 398 206 326 3 
84 326 361 348 93 407 205 53 211 281 280 341 237 27 61 410 458 279 318 488 453 477 460 153 445 146 317 382 3 
79 213 323 113 456 122 212 97 258 321 380 369 175 63 459 329 324 54 252 476 389 253 170 482 283 445 415 28 225 210 449 479 21 254 341 398 396 269 320 261 257 91 362 69 310 123 343 89 275 44 37 364 118 180 435 45 103 38 159 368 307 81 230 148 477 470 108 311 211 200 433 348 487 255 334 167 189 1 49 76 62 277 427 276 141 305 24 93 438 390 3 
399 375 3 
215 47 37 194 60 188 4 
494 445 473 23 353 327 415 318 3 40 255 235 421 113 449 180 14 170 183 129 60 225 366 208 188 300 358 209 363 88 239 87 108 281 124 111 164 481 182 163 388 296 171 82 41 199 31 198 33 418 128 396 258 5 371 472 316 347 143 325 138 46 434 242 492 350 145 215 37 288 178 237 277 176 117 240 24 286 7 217 490 368 448 140 48 447 437 487 66 4 
75 371 2 470 123 476 440 94 136 106 237 444 454 483 231 403 353 211 489 402 423 133 152 45 29 181 135 431 373 409 395 318 153 393 335 301 131 116 406 477 125 436 338 309 183 404 438 143 3 434 77 316 4 
281 296 497 92 356 333 473 158 237 255 90 348 460 489 81 227 103 277 382 28 26 486 420 38 132 163 188 398 449 284 258 76 467 105 498 259 4 
374 356 192 51 344 14 470 343 280 367 287 16 495 74 83 340 467 166 392 209 377 94 305 4 59 295 291 7 330 393 122 468 480 334 345 203 165 180 311 150 9 67 476 444 320 375 496 472 473 347 50 396 188 337 245 323 5 398 463 338 176 91 154 63 210 253 314 303 38 487 252 187 124 284 271 68 119 332 
243 71 268 351 308 313 125 241 159 397 465 261 59 123 195 185 319 386 414 491 175 211 401 173 10 371 458 379 289 212 202 180 19 238 285 199 250 228 193 451 436 44 293 427 55 148 341 230 398 387 271 77 431 426 172 392 60 15 11 2 65 274 182 144 145 480 422 296 429 484 378 336 249 160 301 121 179 311 4 
305 463 312 300 450 342 191 388 143 387 422 9 128 406 244 261 174 407 209 443 136 245 383 242 435 256 270 45 219 329 32 487 275 306 255 200 157 107 323 39 260 40 457 170 389 382 113 106 212 153 13 251 104 205 494 208 211 385 276 338 180 286 163 327 20 34 65 418 4 
150 8 322 83 352 312 95 306 390 345 44 72 216 189 230 131 466 438 338 326 161 104 81 250 404 28 145 96 122 425 449 79 335 211 33 52 476 415 436 157 272 408 337 125 443 487 463 260 118 141 396 248 270 307 64 183 117 387 130 166 429 478 439 303 349 413 310 263 222 384 234 190 109 170 426 491 319 353 4 
4 193 44 
4 
69 57 209 430 395 143 339 487 155 196 205 345 225 275 240 322 435 266 43 249 18 62 34 46 376 480 295 92 6 459 127 488 84 166 370 330 273 118 177 89 39 268 210 25 262 384 421 259 42 200 29 52 48 235 76 212 321 33 469 237 61 368 4 
43 75 313 208 64 466 164 389 229 113 225 41 135 464 190 126 211 239 145 36 147 181 46 4 
253 442 82 384 366 312 3 467 480 68 128 184 482 218 492 123 402 175 149 145 323 479 391 1 10 343 257 133 348 331 275 109 424 263 69 212 108 451 142 466 484 450 483 360 44 166 365 432 378 441 485 46 173 486 329 311 427 277 419 473 182 476 92 335 29 290 74 4 208 85 119 188 412 11 58 97 219 60 195 113 426 144 180 124 229 162 
378 282 344 180 64 438 315 497 446 284 11 400 65 187 274 48 351 106 112 81 442 218 56 470 340 297 494 176 136 131 331 163 254 118 91 461 191 224 221 230 337 479 454 339 293 237 256 158 294 314 122 119 380 124 184 325 395 307 234 455 376 406 322 481 3 460 413 37 217 453 66 355 387 135 320 83 338 394 145 493 16 97 199 104 78 156 117 154 13 444 231 350 286 370 127 4 
290 397 178 123 320 407 425 12 336 28 435 92 8 298 210 285 399 463 233 406 497 354 135 477 153 176 296 59 480 138 31 263 267 306 376 249 455 348 293 41 342 209 444 131 5 95 364 431 169 437 316 102 289 186 204 124 126 392 443 230 313 414 370 65 259 256 36 113 4 438 276 50 356 462 177 421 207 152 340 188 25 297 282 408 129 71 341 128 384 382 6 332 223 452 130 311 39 96 
397 173 38 321 271 354 102 366 328 49 2 105 22 485 391 128 258 126 215 262 404 185 142 410 273 264 477 153 447 437 121 17 461 103 414 143 10 460 465 255 454 348 347 431 57 418 449 41 23 299 280 91 384 473 139 72 171 336 29 358 251 242 335 452 222 424 334 300 302 301 77 4 
492 235 338 209 4 267 33 83 369 457 465 62 335 297 21 226 158 234 24 238 15 400 183 458 153 82 402 202 471 237 292 383 286 276 441 108 163 396 233 96 129 17 255 119 385 337 197 217 405 461 
140 477 389 476 222 302 108 215 341 226 327 250 174 485 172 342 357 292 59 240 22 375 320 308 170 19 124 394 460 410 252 343 313 332 213 89 163 238 44 432 244 241 249 123 446 331 289 195 434 32 466 81 85 160 52 236 474 314 455 1 315 467 97 297 397 408 10 311 291 92 65 280 452 355 47 56 14 137 423 220 462 4 
456 4 116 228 341 307 18 224 135 111 180 231 407 243 197 179 60 141 119 47 261 363 28 65 152 348 394 318 70 239 484 76 143 338 423 104 30 412 472 439 230 200 333 144 222 499 302 61 343 364 10 489 114 369 441 138 189 354 
486 91 72 357 326 485 343 327 95 428 401 111 438 353 298 112 28 157 201 27 278 291 142 404 174 46 1 336 4 
207 25 103 474 340 417 154 232 414 427 132 223 348 72 60 17 460 89 458 401 184 5 
40 245 293 470 58 305 34 179 342 8 253 401 159 214 5 
222 326 407 442 416 277 262 371 331 237 458 62 84 466 177 203 24 30 370 342 67 73 51 202 192 204 130 238 350 191 394 259 154 451 174 319 470 272 197 283 39 298 110 307 28 329 452 143 236 306 219 106 137 323 152 465 484 5 
108 453 486 461 215 29 110 54 392 71 452 98 490 349 369 144 155 96 364 262 274 443 399 150 73 380 115 484 147 94 366 254 17 466 188 174 358 65 5 
152 30 128 296 1 294 203 403 377 121 305 314 119 308 240 245 313 29 43 375 81 63 452 472 197 285 315 248 332 149 410 213 428 195 62 495 57 97 483 438 219 75 337 2 232 191 448 150 276 352 443 366 217 117 167 291 341 383 92 215 382 459 381 205 257 58 471 124 449 99 415 108 488 497 125 109 7 60 350 31 146 5 
222 154 434 362 156 31 150 81 468 425 217 460 97 68 5 
397 181 315 420 197 78 42 269 99 154 460 347 96 481 406 340 193 218 259 195 261 273 221 450 468 80 107 143 370 328 5 
60 247 461 47 230 24 113 8 46 11 7 5 
399 361 461 123 451 105 442 12 350 306 248 79 353 257 216 485 250 281 36 460 331 384 444 48 128 345 463 95 55 405 458 289 359 1 278 319 13 292 144 494 25 177 219 200 258 19 293 430 344 73 197 256 489 432 261 300 244 390 240 134 499 188 269 347 14 157 221 167 294 276 401 313 196 414 33 274 118 396 37 392 253 307 194 486 312 70 174 346 223 446 470 38 61 63 419 234 231 362 5 
436 241 414 5 
97 202 494 220 233 350 195 327 228 405 311 191 50 450 291 160 292 301 18 127 9 144 417 225 194 123 109 500 42 419 411 72 40 2 136 5 
13 73 276 317 402 28 441 96 246 435 218 362 75 112 357 353 133 195 208 15 452 443 56 497 30 197 425 401 77 313 176 221 399 332 269 455 389 98 325 264 203 414 261 321 169 175 306 52 233 453 482 157 282 64 214 424 94 231 346 494 163 172 489 438 25 253 123 17 179 180 446 473 100 120 431 14 367 31 314 457 275 230 134 118 309 429 59 91 54 5 
423 288 251 49 186 74 98 305 48 57 14 3 9 153 80 142 117 394 217 333 490 498 222 381 275 439 438 188 5 
439 164 131 451 188 25 297 208 298 47 5 
449 407 163 194 420 171 343 156 133 349 159 441 95 237 101 55 67 461 413 296 238 391 368 394 19 75 127 417 16 77 415 219 364 380 169 11 63 155 424 355 252 427 210 90 233 493 324 146 376 36 484 467 227 313 61 5 
10 247 344 483 205 481 337 9 236 22 144 333 360 398 449 13 245 300 152 53 264 147 452 119 49 154 273 472 175 41 275 382 311 217 47 244 260 373 170 145 261 97 454 346 490 343 340 365 317 34 319 103 197 462 2 396 499 35 182 401 258 83 169 369 379 335 60 438 255 73 435 431 30 198 24 394 52 495 393 27 180 461 31 320 202 460 411 113 416 427 425 283 306 383 89 309 5 
144 393 34 100 366 296 12 329 134 14 138 5 
15 62 483 269 315 234 374 123 474 359 107 131 288 16 402 95 298 340 466 208 153 261 183 455 308 268 43 381 336 264 36 85 363 460 303 4 254 472 285 217 212 73 280 192 77 482 37 203 111 55 23 400 182 469 78 461 202 429 313 348 35 155 223 193 380 141 335 94 495 420 403 397 152 157 347 309 64 278 265 174 349 46 33 125 50 168 248 362 5 
51 477 5 296 391 158 128 353 327 80 
449 477 91 186 279 409 224 147 193 261 393 326 95 133 374 146 129 487 135 30 11 12 51 385 441 47 90 325 240 439 145 259 414 382 212 232 149 209 472 5 
